0 0.51328125 0.30625 0.04375 0.03984375
0 0.39609375 0.340625 0.03203125 0.03125
0 0.3546875 0.403125 0.03984375 0.02265625
0 0.60546875 0.43671875 0.028125 0.01484375
0 0.3640625 0.4484375 0.0546875 0.0328125
0 0.4140625 0.4734375 0.0421875 0.02578125
0 0.48203125 0.5734375 0.0421875 0.02734375
0 0.43515625 0.6234375 0.02890625 0.01796875
0 0.5984375 0.646875 0.03125 0.021875
0 0.63359375 0.07890625 0.0328125 0.02265625
0 0.275 0.94921875 0.07578125 0.04765625
0 0.64375 0.10078125 0.03984375 0.0203125
0 0.32421875 0.109375 0.04921875 0.02734375
0 0.67578125 0.17578125 0.03359375 0.02265625
0 0.4890625 0.20703125 0.040625 0.028125