0 0.6296875 0.26015625 0.0421875 0.025
0 0.2875 0.27578125 0.05703125 0.02578125
0 0.6640625 0.33515625 0.03125 0.021875
0 0.4640625 0.38828125 0.0390625 0.02890625
0 0.4890625 0.49453125 0.05 0.03828125
0 0.36484375 0.53515625 0.0390625 0.028125
0 0.32109375 0.6046875 0.0421875 0.02734375
0 0.5921875 0.6375 0.0296875 0.01875
0 0.3265625 0.65625 0.05859375 0.034375
0 0.38359375 0.68515625 0.04765625 0.0265625
0 0.4609375 0.80078125 0.04296875 0.03125
0 0.36484375 0.08359375 0.04765625 0.0421875
0 0.41015625 0.85625 0.03046875 0.01953125
0 0.5828125 0.8796875 0.03671875 0.02578125
0 0.21640625 0.1484375 0.05859375 0.0328125
0 0.61484375 0.23671875 0.03671875 0.025