0 0.1703125 0.29375 0.04140625 0.03203125
0 0.209375 0.30625 0.040625 0.02578125
0 0.20078125 0.3359375 0.0515625 0.03203125
0 0.39609375 0.4015625 0.07734375 0.0578125
0 0.34375 0.4875 0.04140625 0.03828125
0 0.50078125 0.61953125 0.059375 0.03046875
0 0.61171875 0.06328125 0.04140625 0.0359375
0 0.48515625 0.65859375 0.0671875 0.04765625
0 0.5515625 0.8140625 0.040625 0.03515625
0 0.49921875 0.825 0.05234375 0.04453125
0 0.2859375 0.9328125 0.0765625 0.06796875
0 0.2296875 0.0125 0.02734375 0.01640625
0 0.68046875 0.1625 0.040625 0.02109375