0 0.66015625 0.36484375 0.0734375 0.0390625
0 0.67734375 0.38828125 0.0390625 0.02578125
0 0.6078125 0.4140625 0.04140625 0.0359375
0 0.49765625 0.51015625 0.0484375 0.03203125
0 0.79765625 0.52265625 0.06171875 0.0359375
0 0.5015625 0.53828125 0.046875 0.03046875
0 0.53359375 0.5765625 0.04140625 0.04375
0 0.6015625 0.596875 0.03203125 0.0203125
0 0.634375 0.7109375 0.06171875 0.03359375
0 0.840625 0.084375 0.08125 0.0375
0 0.83046875 0.1109375 0.06328125 0.03671875
0 0.8171875 0.1640625 0.059375 0.04453125