0 0.27109375 0.25234375 0.053125 0.02734375
0 0.45703125 0.31875 0.0734375 0.0515625
0 0.4 0.40078125 0.0421875 0.03359375
0 0.53984375 0.53203125 0.0515625 0.0265625
0 0.52421875 0.5703125 0.0703125 0.04140625
0 0.5796875 0.71875 0.0390625 0.03359375
0 0.5265625 0.725 0.05390625 0.04453125
0 0.31328125 0.81484375 0.059375 0.06484375
0 0.5515625 0.95390625 0.0453125 0.04140625
0 0.74765625 0.09921875 0.0515625 0.02421875
0 0.246875 0.21328125 0.03359375 0.03203125
0 0.284375 0.2234375 0.04140625 0.03125