0 0.3484375 0.26796875 0.0453125 0.05078125
0 0.18125 0.33359375 0.06953125 0.04140625
0 0.63046875 0.4375 0.03984375 0.03359375
0 0.6484375 0.46484375 0.03359375 0.0265625
0 0.2703125 0.48984375 0.0609375 0.0328125
0 0.68515625 0.54140625 0.03359375 0.02421875
0 0.46640625 0.61953125 0.04296875 0.0296875
0 0.496875 0.74609375 0.04609375 0.04140625
0 0.3640625 0.7921875 0.0328125 0.02890625
0 0.3140625 0.8703125 0.0453125 0.02578125
0 0.61171875 0.90234375 0.03515625 0.021875
0 0.32421875 0.9296875 0.06484375 0.04453125
0 0.50078125 0.09375 0.028125 0.02109375
0 0.38515625 0.96328125 0.04765625 0.0328125
0 0.42421875 0.11015625 0.03359375 0.02421875