0 0.434375 0.26484375 0.05625 0.02890625
0 0.234375 0.45390625 0.0515625 0.028125
0 0.3859375 0.046875 0.06640625 0.04453125
0 0.2671875 0.49453125 0.0703125 0.04921875
0 0.421875 0.57578125 0.078125 0.04921875
0 0.725 0.06875 0.0328125 0.025
0 0.5796875 0.690625 0.03125 0.028125
0 0.509375 0.728125 0.0546875 0.0390625
0 0.2203125 0.7578125 0.034375 0.02578125
0 0.3671875 0.93984375 0.06484375 0.04453125
0 0.27578125 0.95390625 0.04921875 0.04765625
0 0.184375 0.9859375 0.065625 0.028125
0 0.70390625 0.19765625 0.05546875 0.03671875